000398
000303
000379
000111
000429
000053
000386
000335
000125
000407
000180
000329
000035
000457
000004
000332
000056
000108
000315
000452
000216
000186
000115
000410
000469
000263
000218
000022
000033
000096
000389
000433
000106
000484
000154
000088
000249
000298
000152
000437
000497
000091
000258
000118
000278
000466
000261
000095
000404
000251
000099
000201
000197
000361
000165
000302
000116
000491
000225
000136
000138
000313
000415
000248
000044
000171
000055
000279
000414
000221
000150
000103
000494
000117
000342
000094
000333
000408
000172
000351
000485
000470
000068
000060
000114
000441
000321
000207
000482
000438
000209
000442
000214
000311
000007
000002
000048
000436
000206
000133
000357
000300
000352
000014
000477
000006
000269
000208
000492
000100
000166
000346
000078
000377
000413
000215
000233
000285
000334
000020
000316
000488
000192
000370
000054
000093
000255
000034
000368
000092
000440
000369
000459
000286
000318
000353
000422
000227
000350
000202
000372
000159
000247
000149
000297
000387
000486
000223
000167
000445
000254
000075
000142
000164
000496
000490
000479
000036
000061
000417
000306
000464
000235
000089
000376
000336
000193
000177
000122
000304
000018
000428
000374
000454
000213
000083
000456
000222
000291
000412
000448
000325
000135
000181
000200
000465
000130
000296
000183
000027
000015
000393
000385
000384
000345
000499
000232
000234
000271
000371
000236
000373
000500
000012
000439
000228
000400
000252
000463
000037
000134
000444
000260
000281
000493
000231
000230
000194
000435
000104
000383
000072
000140
000375
000421
000349
000039
000017
000010
000314
000113
000366
000105
000288
000471
000403
000157
000057
000397
000047
000189
000253
000347
000001
000145
000265
000388
000023
000124
000013
000185
000289
000416
000029
000317
000212
000073
000028
000080
000489
000126
000395
000276
000420
000019
000451
000307
000076
000043
000328
000210
000242
000432
000052
000256
000446
000151
000292
000287
000243
000427
000327
000363
000179
000065
000483
000320
000174
000259
000062
000101
000338
000426
000064
000282
000173
000158
000478
000176
000195
000021
000137
000447
000211
000220
000003
000267
000443
000031
000129
000367
000293
000396
000274
000309
000323
000170
000275
000294
000008
000382
000016
000402
000310
000391
000239
000305
000139
000380
000364
000354
000425
000262
000359
000219
000392
000272
000067
000030
000041
000241
000381
000399
000343
000175
000365
000045
000147
000190
000102
000283
000082
000284
000110
000005
000191
000156
000127
000121
000295
000330
000226
000084
000090
000079
000424
000143
000087
000063
000312
000144
000481
000184
000378
000187
000107
000119
000324
000032
000009
000322
000162
000473
000229
000476
000250
000326
000401
000112
000081
000455
000430
000362
000460
000120
000178
000319
